3 5
7 8
8 8
8 8
8 8
8 14
14 14
14 14
15 16
16 16
16 16
16 16
16 16
16 16
27 27
27 29
29 29
29 29
29 29
29 29
29 29
29 29
29 29
29 29
29 29
29 39
39 57
57 57
57 71
71 71
71 71
71 71
80 81
81 81
81 81
86 86
89 89
95 95
28 75
22 21
46 46
85 86
90 90
95 16
18 86
86 86
75 18
18 18
30 61
75 86
86 86
86 93
62 62
62 61
61 61
62 63
74 83
83 83
91 91
91 91
91 93
93 93
93 93
97 91
91 91
91 91
93 85
90 90
90 95
95 95
86 83
85 88
88 90
93 93
90 90
95 97
1094703471 1094638228
1094699828 1094634829
1094630219 1094635899
1094702804 1094711199
1094623274 1094630219
1094630534 1094704512
1094703572 1094618310
1094622106 1094703885
1094632962 1094698599
1094699435 1094702983
1094700705 1094630324
1094644348 1094698285
1094699435 1094700391
1094703618 1094704257
1094625353 1094631874
1094635268 1094629876
1094641042 1094666967
1094618356 1094705085
1094634128 1094647100
1094690228 1094694286
1094628308 1094632393
1094636831 1094641130
1094666538 1094626539
1094632393 1094635782
1094640427 1094701974
1094632393 1094626411
1094640431 1094627062
1094646156 1094666277
1094640479 1094704311
1094618286 1094630887
1094635479 1094618286
1094630887 1094635479
1094702767 1094704662
1094703027 1094636669
1094698177 1094635390
1094625521 1094635694
1094620507 1094641072
1094621875 1094632344
