6 6
6 6
6 6
6 6
6 6
6 6
6 6
6 6
6 6
6 6
6 6
6 6
6 6
6 6
6 6
6 6
6 7
7 8
8 8
8 8
8 14
14 14
14 14
14 14
14 14
14 14
14 14
14 14
14 15
15 15
15 16
16 16
16 16
16 16
16 16
16 16
16 16
16 16
16 16
16 16
16 16
16 16
21 21
21 21
27 27
27 27
27 27
27 27
27 33
39 39
39 39
39 39
39 39
39 39
39 39
39 49
49 49
51 51
57 57
57 57
57 57
57 57
57 57
57 58
58 58
58 61
61 61
71 71
74 76
76 76
76 78
78 78
78 78
78 78
83 83
83 14
14 14
14 16
18 18
18 22
30 30
30 30
30 52
52 61
61 82
82 83
83 86
86 86
86 86
88 93
93 93
93 93
21 83
66 80
83 83
86 93
18 18
52 52
61 82
82 82
86 86
86 86
86 88
88 95
80 80
83 97
18 18
18 30
30 30
30 52
52 52
61 61
61 61
82 82
86 88
88 88
93 93
95 43
55 78
78 62
62 62
62 62
65 65
74 74
46 46
53 61
61 61
66 80
82 82
83 83
86 88
61 61
93 78
78 80
82 82
86 86
86 88
88 93
93 93
65 72
74 74
62 74
74 95
95 83
83 83
86 97
80 80
86 93
93 97
97 86
86 93
1095750665 1095758334
1095823821 1095830170
1095750514 1095750514
1095757406 1095760827
1095764229 1095750665
1095761651 1095765441
1095821239 1095822756
1095750514 1095765441
1095750665 1095761651
1095746166 1095747546
1095757406 1095764116
1095750174 1095758107
1095765441 1095820307
1095828409 1095750665
1095749795 1095757406
1095761651 1095817222
1095821239 1095748491
1095749451 1095747610
1095747610 1095747610
1095751182 1095747610
1095747610 1095747186
1095751087 1095750773
1095754390 1095757269
1095742802 1095745189
1095747850 1095743116
1095750453 1095758214
1095820558 1095828224
1095746150 1095755358
1095746150 1095756839
1095832417 1095830824
1095830824 1095742527
1095748174 1095749901
1095748174 1095752729
1095782350 1095783540
1095743506 1095750626
1095781070 1095748174
1095752729 1095768398
1095781724 1095748174
1095751388 1095749588
1095741897 1095748174
1095752729 1095741897
1095751388 1095744863
1095748641 1095826393
1095822193 1095826393
1095748164 1095752680
1095764134 1095814941
1095828012 1095748164
1095750787 1095748164
1095750787 1095746549
1095749799 1095750469
1095742482 1095750155
1095761660 1095747840
1095748169 1095742482
1095751566 1095747840
1095757229 1095748169
1095750856 1095745940
1095758783 1095761670
1095823737 1095829487
1095763105 1095746816
1095751589 1095771388
1095774709 1095778274
1095752574 1095775027
1095742488 1095750223
1095761487 1095750882
1095743971 1095747751
1095749943 1095751046
1095750733 1095824751
1095752680 1095759858
1095751850 1095747729
1095830832 1095747729
1095831459 1095747646
1095832256 1095747646
1095747646 1095757198
1095766016 1095832256
1095742926 1095775402
1095751817 