2 2
3 3
3 4
4 4
4 4
4 4
4 4
4 4
4 4
4 4
4 4
4 4
4 4
4 4
4 4
4 4
4 4
4 4
4 4
4 4
4 7
7 7
7 7
7 7
8 8
8 8
8 8
8 10
10 12
12 12
12 12
12 12
12 12
12 12
12 12
12 12
12 12
12 12
12 12
12 12
12 12
12 12
12 12
12 12
12 12
14 14
14 14
14 14
14 14
14 14
14 14
14 15
15 15
15 16
16 16
16 16
16 16
16 16
16 16
16 16
16 16
17 19
19 19
19 19
19 19
21 21
21 21
21 21
21 21
21 23
23 23
23 23
23 23
23 23
23 23
23 23
23 23
23 23
23 23
23 23
23 23
24 24
24 24
27 27
27 27
27 27
27 33
33 33
33 33
35 35
35 35
35 35
35 35
35 35
35 35
35 35
35 35
35 35
38 38
38 38
39 39
39 39
39 39
39 40
40 40
40 40
40 40
42 42
42 42
42 42
42 42
42 42
43 43
46 49
49 49
49 51
51 51
51 51
57 57
57 57
57 57
57 57
57 58
58 58
59 59
59 61
61 61
61 61
66 68
70 71
71 71
71 71
72 72
72 76
76 76
78 78
78 78
79 80
80 80
83 83
85 85
85 85
86 86
86 86
89 89
89 89
57 57
28 28
72 12
12 12
12 19
24 24
24 24
32 32
32 32
32 36
36 36
39 39
42 42
42 42
45 45
45 56
68 68
68 68
76 76
76 87
87 21
55 67
67 78
78 83
21 46
55 78
78 85
97 31
31 19
24 24
30 32
32 32
32 32
36 36
39 42
42 42
42 45
45 68
68 68
68 68
76 76
76 76
76 84
84 87
87 87
18 18
34 52
61 63
86 86
86 86
88 90
91 80
90 90
97 18
18 30
30 30
61 61
61 72
91 91
91 93
93 93
91 24
24 32
32 56
76 76
34 43
43 55
55 55
78 78
78 32
32 32
36 36
36 39
39 42
42 45
45 56
56 68
76 76
76 76
77 84
87 87
28 62
65 74
62 62
62 62
65 72
74 85
86 86
95 95
39 39
42 42
45 45
45 45
50 50
50 56
56 76
76 77
87 87
56 56
68 76
53 53
57 61
61 91
91 45
45 68
76 76
87 87
42 68
76 76
76 77
84 87
87 87
85 95
94 61
61 93
93 78
78 78
78 78
63 88
90 91
91 91
91 93
93 65
72 74
61 86
91 62
72 74
74 74
87 74
72 85
90 94
95 95
84 87
87 90
97 97
85 85
86 97
87 83
86 97
86 91
86 95
95 97
86 88
93 93
90 90
90 90
1095995736 1096001134
1095940701 1095949670
1095914354 1095936815
1095946125 1095986990
1096007515 1095947459
1095945791 1095990462
1095993926 1095995887
1095933357 1095947459
1095986990 1095993926
1095999061 1095990462
1095995247 1095998434
1095944495 1095946464
1095931414 1095936815
1095986990 1096003646
1095986990 1095993926
1096000324 1095946824
1095946824 1095986990
1095993926 1096001268
1095947459 1095986990
1096000637 1095986990
1096003646 1095922683
1095918199 1095928348
1095930228 1095918826
1095934990 1095922354
1096001413 1095914254
1095935116 1095921567
1096000759 1095915855
1095995805 1095919468
1095999454 1095950947
1095990531 1095995839
1095922074 1095946942
1095950947 1095990531
1095992265 1096000274
1095956354 1095998057
1095956667 1095923318
1095936943 1095990531
1096001259 1095990531
1096000588 1095946558
1095949952 1095953170
1095990531 1096001259
1095931267 1095952857
1095990531 1095994170
1096000588 1095931267
1095950947 1095931267
1095990531 1096003594
1095918842 1095937250
1095925239 1096002216
1095915054 1095926196
1095915367 1095936301
1095997477 1096001896
1096007892 1095919489
1095919176 1095927942
1095926336 1095930477
1095927942 1095934583
1095936498 1095917116
1095934899 1095936498
1095918418 1095933950
1095936140 1095929611
1095919059 1095934899
1095936140 1095915424
1095918099 1095934583
1095929040 1095944592
1095947286 1095945927
1095950339 1095949665
1095948319 1095951016
1095995001 1095916838
1095922918 1095916838
1095922597 1096002913
1095916838 1095930590
1096002913 1095931148
1095993951 1095995897
1095938761 1095990493
1095995897 1095943664
1095946143 1095993323
1095995897 1095931461
1095995897 1095944804
1095947523 1095995897
1095942059 1095947210
1095993951 1095995897
1095936217 1095931811
1095931461 1095995897
1095923591 1095923591
1095923278 1095923591
1095918151 1095924138
1095951891 1096016157
1095923505 1095918151
1095923818 1095924911
1095994881 1095997519
1095924911 1095998183
1095953496 1095957261
1095991013 1096000425
1095989969 1095991996
1095994000 1095999005
1095918379 1095921853
1095928521 1095924278
1096001367 1095994000
1095998353 1095924278
1095991013 1095998667
1095933186 1095947711
1095947711 1095947711
1095918087 1095934528
1095920951 1095914739
1095934528 1095918087
1095933570 1095993888
1096003521 1096003521
1095993888 1096007987
1095931440 1096003521
1096003486 1096001150
1095990328 1095993835
1096003486 1095930874
1095931500 1095931500
1095997658 1096000524
1095929622 1095928970
1095919804 1095929874
1095933440 1095918030
1095934404 1095922071
1095944428 1095947268
1095954221 1096006897
1095929966 1095955850
1095925623 1095932557
1095937371 1095941693
1095955850 1095914724
1095934485 1095923583
1095918238 1095923902
1095929609 1095926335
1095929609 1095923627
1095997497 1095923627
1095993072 1095997811
1095990302 1095997934
1095999653 1095932681
1095935857 1096011891
1095937422 1095996793
1095931875 1095986629
1096000331 1095926348
1095915187 1095931728
1095919593 1095996084
1095919593 1095919593
1095931575 1095919593
1095920534 1095920534
1096002505 1095956638
1095931490 1095927546
1095931490 1095926199
1095927574 1095956496
1095918155 1095934531
1095915365 1095927509
1095931616 1095935703
