5 5
10 10
14 15
16 16
16 16
16 16
16 16
16 16
16 16
21 21
21 27
27 27
27 27
27 27
33 39
44 51
68 70
71 71
76 78
80 81
81 86
86 86
30 61
16 67
91 85
30 30
30 34
52 61
86 88
88 91
91 93
55 75
75 62
62 62
62 62
62 74
86 91
57 78
74 72
83 95
83 85
83 88
91 86
93 93
1095608718 1095607779
1095584273 1095650941
1095654017 1095649843
1095602629 1095650658
1095654775 1095644536
1095596308 1095600416
1095654142 1095650658
1095651921 1095650658
1095655095 1095649077
1095652503 1095581822
1095586524 1095589788
1095600931 1095603972
1095645960 1095648481
1095654305 1095652397
1095648998 1095649188
1095655810 1095655989
1095663412 1095652488
1095652521 1095586608
1095605687 1095657840
1095658169 1095653026
1095652399 1095654364
1095648649 1095662158
