5 8
8 8
8 8
8 8
8 8
14 14
14 14
14 14
14 14
14 14
14 14
15 15
15 15
15 15
15 15
16 16
16 16
16 16
16 16
16 16
16 16
16 16
27 27
27 27
27 27
29 29
29 29
29 29
29 29
29 29
29 29
29 29
29 29
29 29
29 29
29 29
29 29
29 29
29 29
39 39
39 39
39 39
39 39
39 39
39 39
39 39
39 43
43 43
43 43
43 43
43 43
43 43
57 57
57 57
57 57
57 57
57 57
57 57
57 57
63 68
70 71
71 71
71 71
71 71
78 78
78 78
80 80
80 80
80 80
80 81
81 81
81 81
81 81
85 85
85 85
86 86
86 86
86 89
89 89
91 96
83 46
61 85
85 85
86 93
97 97
16 16
18 18
86 88
88 90
90 91
91 91
75 83
85 86
90 97
97 97
18 30
30 30
30 61
86 88
88 91
91 91
93 95
62 62
62 62
62 72
46 46
46 46
46 46
49 61
61 61
67 77
83 86
88 88
91 91
91 91
91 93
93 93
93 95
95 95
46 46
61 61
61 66
85 85
86 86
88 88
91 91
97 61
61 61
85 88
88 90
91 93
93 93
66 85
85 86
86 88
88 91
91 91
93 93
93 97
83 74
72 85
85 90
90 95
95 95
85 97
97 97
83 83
86 93
97 97
97 85
88 88
88 88
93 97
95 95
95 95
88 88
88 93
93 90
90 90
93 97
1095216971 1095150169
1095142911 1095136757
1095142911 1095149188
1095142911 1095142911
1095139355 1095148838
1095145457 1095151633
1095145123 1095156143
1095159272 1095142202
1095156779 1095151232
1095159899 1095144810
1095151948 1095159586
1095151299 1095223847
1095223847 1095148761
1095151299 1095137306
1095216506 1095223534
1095145377 1095142485
1095147426 1095153465
1095157858 1095146758
1095150626 1095145059
1095150946 1095145377
1095148391 1095150946
1095146758 1095140214
1095137792 1095162310
1095171102 1095185500
1095231595 1095139689
1095140264 1095145145
1095149422 1095152528
1095160602 1095162635
1095159973 1095147161
1095163051 1095165009
1095216004 1095159973
1095216110 1095152528
1095145436 1095152484
1095142033 1095152528
1095160690 1095163924
1095165009 1095138146
1095147161 1095216815
1095222303 1095141527
1095144284 1095221348
1095144814 1095156768
1095140142 1095153044
1095157113 1095142874
1095140142 1095142874
1095140142 1095142874
1095145441 1095156366
1095147087 1095157113
1095139515 1095154093
1095156328 1095161672
1095137544 1095152813
1095156328 1095144011
1095162076 1095145339
1095156716 1095158397
1095143067 1095139856
1095143067 1095139856
1095143380 1095145401
1095155768 1095147068
1095163822 1095178522
1095139543 1095152715
1095158117 1095139543
1095215866 1095220340
1095220726 1095147865
1095151692 1095152324
1095220620 1095144952
1095160498 1095218052
1095224450 1095158171
1095217042 1095223788
1095219907 1095224671
1095143805 1095143115
1095139661 1095148535
1095222760 1095143972
1095153141 1095156655
1095213284 1095223916
1095143025 1095139575
1095144734 1095152733
1095162354 1095218338
1095145562 1095152333
1095155906 1095147182
1095156946 1095152983
1095165660 1095218219
1095139794 1095158453
