2 3
3 7
7 7
7 7
7 8
8 8
8 8
8 8
8 8
14 14
14 14
14 14
14 14
14 14
14 14
14 14
14 15
15 16
16 16
16 16
16 16
16 16
16 27
27 27
27 27
27 27
29 29
29 29
29 29
29 29
29 29
29 29
29 29
29 29
29 29
29 29
29 29
29 29
29 29
29 29
29 29
29 29
29 29
29 29
29 39
39 39
39 39
39 43
43 43
43 43
43 43
43 57
57 57
57 57
57 57
57 59
59 59
59 59
59 59
71 71
81 81
81 81
86 86
86 86
86 86
86 89
89 89
89 89
94 94
67 28
74 22
61 83
83 85
85 21
21 43
46 46
83 85
86 93
16 18
18 30
61 63
82 86
86 86
88 88
88 91
91 90
97 18
18 30
30 30
46 61
63 82
88 62
62 62
62 74
74 74
43 46
46 61
61 61
61 62
63 63
63 67
72 74
75 82
82 85
88 88
88 88
88 90
91 91
91 91
91 91
93 93
93 93
95 95
95 83
83 86
88 91
91 75
82 82
82 85
86 90
90 63
63 63
83 88
88 91
91 61
61 61
83 86
90 90
95 95
83 83
88 93
88 88
88 93
93 93
95 90
90 90
90 91
97 97
1094726848 1094784719
1094784719 1094718665
1094716003 1094706177
1094728214 1094712487
1094716003 1094713370
1094718334 1094718334
1094716391 1094721979
1094711199 1094723586
1094711199 1094711199
1094714163 1094727193
1094792556 1094728187
1094728515 1094719142
1094713489 1094705490
1094717142 1094788370
1094724310 1094787410
1094792872 1094723023
1094725313 1094792703
1094790156 1094713839
1094721444 1094706900
1094709146 1094720815
1094720169 1094721444
1094720169 1094713153
1094721444 1094722459
1094728425 1094750127
1094788913 1094712972
1094787662 1094790515
1094784657 1094721835
1094729890 1094716718
1094725855 1094728831
1094732152 1094784917
1094705085 1094720533
1094732152 1094718243
1094717125 1094784917
1094792158 1094706459
1094710320 1094717817
1094723893 1094778598
1094779787 1094782268
1094787193 1094732107
1094716499 1094727127
1094732719 1094783769
1094788508 1094804206
1094705816 1094714765
1094725946 1094794392
1094730884 1094732152
1094792515 1094711126
1094720599 1094711126
1094723288 1094725871
1094804350 1094712648
1094707054 1094710169
1094713311 1094720535
1094706050 1094723730
1094729097 1094718225
1094720370 1094737136
1094735230 1094723349
1094726695 1094716598
1094723349 1094718871
1094732122 1094736612
1094735036 1094716506
1094732122 1094733149
1094711563 1094713160
1094704662 1094708246
1094787373 1094711391
1094723751 1094730667
1094787365 1094723751
1094725584 1094794325
1094729701 1094719418
1094722958 1094726434
1094737732 1094729650
1094784848 1094790224
