3 3
3 8
8 8
8 8
8 8
10 10
14 14
14 14
14 14
14 14
14 14
15 15
15 15
15 15
16 16
16 16
16 16
16 16
16 16
16 27
27 27
27 27
29 29
29 29
29 29
29 29
29 29
29 29
29 29
29 29
29 29
29 29
29 29
29 29
29 29
29 29
29 39
39 39
39 39
43 43
43 43
58 59
59 59
59 71
78 78
78 78
80 80
80 80
80 80
81 81
81 85
89 96
96 28
62 74
41 46
83 85
85 85
85 61
61 16
16 18
22 30
82 82
86 88
90 83
85 85
97 97
97 18
30 61
82 82
86 86
86 88
93 93
62 62
62 62
74 35
41 41
44 44
47 47
47 53
53 55
57 61
61 61
78 78
82 82
82 86
86 86
88 88
90 93
93 93
61 63
82 83
88 61
83 90
90 74
61 83
88 93
90 85
85 85
97 83
83 83
83 95
97 82
88 88
95 90
97 97
1095231658 1095231658
1095231339 1095245436
1095242873 1095241473
1095227301 1095229741
1095240832 1095312543
1095230743 1095232338
1095236620 1095241866
1095241552 1095225885
1095238259 1095238911
1095241552 1095241866
1095241866 1095240235
1095223847 1095223847
1095233772 1095223534
1095225158 1095238259
1095242362 1095240743
1095242362 1095238689
1095242362 1095234068
1095242042 1095308696
1095241392 1095236079
1095239342 1095231595
1095255626 1095271289
1095311483 1095231282
1095237227 1095236413
1095239935 1095241138
1095250501 1095237316
1095240865 1095306238
1095240911 1095308161
1095308829 1095304457
1095230983 1095242607
1095263540 1095241614
1095303088 1095234124
1095238839 1095242697
1095230077 1095238477
1095241614 1095235812
1095241706 1095240777
1095234124 1095236266
1095239532 1095238873
1095239656 1095235704
1095238873 1095238873
1095248747 1095232706
1095231720 1095243869
1095231588 1095239106
1095239106 1095239106
1095238793 1095239396
1095224450 1095232073
1095235813 1095223788
1095224671 1095230083
1095232612 1095235873
1095230083 1095309705
1095242551 1095223916
1095241738 1095228508
1095228757 1095246140
1095247996 