2 3
3 3
8 8
8 8
8 8
8 8
8 8
8 8
8 8
8 8
8 8
8 14
14 14
14 14
14 14
14 14
14 14
14 14
15 15
15 15
15 15
16 16
16 16
16 16
16 27
27 27
29 29
29 29
29 29
29 29
29 29
29 29
29 29
29 29
29 29
29 29
29 29
29 29
29 39
39 39
39 39
39 57
57 57
57 58
59 59
81 85
85 86
86 86
89 89
89 89
67 28
62 74
16 18
21 21
43 43
61 63
67 83
86 86
86 90
90 90
90 93
95 16
16 18
18 18
22 86
86 88
88 91
91 91
85 90
90 90
97 97
18 30
30 61
86 88
91 62
62 74
40 43
61 61
61 61
61 61
63 67
75 82
82 88
88 88
88 88
91 91
91 93
93 93
95 63
67 82
82 91
91 82
91 91
91 74
91 93
88 95
95 93
93 93
90 90
90 90
1094801285 1094795632
1094795632 1094795632
1094796807 1094822965
1094797543 1094803859
1094810619 1094875269
1094822965 1094822965
1094807254 1094821698
1094809018 1094811571
1094875582 1094809018
1094814743 1094819972
1094825587 1094805640
1094813419 1094792243
1094800795 1094792556
1094803351 1094811452
1094811116 1094803351
1094811116 1094792872
1094797137 1094798807
1094806954 1094809500
1094864219 1094792703
1094830503 1094832398
1094793984 1094802843
1094792046 1094791407
1094800384 1094800384
1094797784 1094796839
1094800070 1094797153
1094806000 1094795577
1094804667 1094792649
1094799846 1094804249
1094812429 1094821233
1094822405 1094840481
1094801770 1094807201
1094792158 1094803893
1094810990 1094792468
1094795068 1094797165
1094815864 1094826194
1094804206 1094822653
1094840308 1094794392
1094804206 1094809391
1094792515 1094801514
1094805673 1094804350
1094809354 1094804350
1094809354 1094810899
1094810899 1094813519
1094839489 1094795770
1094801497 1094801497
1094797000 1094802177
1094807024 1094794325
1094804583 1094809143
1094796121 1094802227
1094807427 1094814513
