2 4
4 4
4 4
4 4
4 4
4 4
4 4
7 7
7 7
7 7
8 8
8 8
8 8
8 10
10 10
10 10
10 12
12 12
12 12
12 12
12 12
12 12
14 14
14 14
14 14
14 14
14 14
14 14
14 14
14 14
14 14
14 14
15 15
15 15
15 15
15 15
16 16
16 19
19 19
19 21
21 21
21 21
21 21
21 21
23 23
23 23
23 23
23 23
23 23
23 23
23 24
24 27
27 27
27 27
27 27
33 35
35 35
35 35
35 35
39 39
39 39
39 39
40 40
42 42
42 42
42 44
49 51
51 51
57 57
57 57
57 57
57 59
59 66
66 66
66 66
71 71
72 72
72 72
72 72
72 73
73 76
76 76
76 76
78 78
78 83
83 83
83 84
84 84
84 85
86 86
86 89
89 57
12 12
12 24
24 32
45 68
76 87
89 89
89 21
31 78
83 91
97 43
43 66
66 83
83 97
25 28
31 52
65 88
24 24
32 32
45 68
76 76
87 87
89 16
18 18
52 52
61 61
61 61
86 86
86 86
86 88
88 90
91 91
91 46
80 80
80 83
97 97
97 75
86 88
21 21
32 42
43 55
55 55
55 78
78 78
78 32
32 32
45 45
68 76
76 86
86 87
87 89
28 65
62 62
62 62
62 65
72 46
45 77
77 77
87 89
89 46
52 53
61 88
91 68
76 76
76 76
87 89
57 93
78 78
78 88
91 91
91 93
93 93
88 88
68 76
77 87
89 90
95 87
87 87
87 89
89 89
76 89
83 97
97 97
97 80
97 97
86 86
91 93
87 87
87 87
95 88
93 93
90 90
1096355980 1096352084
1096357112 1096364084
1096347978 1096363770
1096363770 1096363770
1096348294 1096363770
1096363770 1096348294
1096352084 1096358722
1096357616 1096348710
1096357930 1096371822
1096362342 1096371192
1096346315 1096349796
1096374818 1096385905
1096374818 1096385274
1096351688 1096356927
1096356927 1096379680
1096347812 1096356614
1096376844 1096363694
1096433635 1096364329
1096429799 1096363694
1096364680 1096363694
1096430112 1096364007
1096433635 1096351988
1096429301 1096353525
1096356135 1096358394
1096363586 1096346696
1096351533 1096358394
1096361978 1096347956
1096360987 1096363927
1096425207 1096437470
1096360006 1096430874
1096363927 1096353211
1096355439 1096361303
1096430162 1096353066
1096362864 1096439433
1096439433 1096347335
1096362864 1096439433
1096428016 1096424807
1096428644 1096385471
1096419722 1096350347
1096354143 1096358539
1096353445 1096356286
1096430364 1096434556
1096347338 1096353445
1096367632 1096431000
1096354805 1096363775
1096429857 1096357339
1096363775 1096347889
1096363775 1096430173
1096382058 1096401511
1096363775 1096429857
1096363775 1096356610
1096355044 1096347494
1096365602 1096371596
1096396689 1096425842
1096356300 1096348447
1096355144 1096364674
1096347333 1096422446
1096433180 1096424045
1096347333 1096430010
1096356386 1096355074
1096353048 1096356719
1096356719 1096356719
1096362490 1096357741
1096351822 1096361629
1096363547 1096363547
1096363547 1096354385
1096352804 1096353917
1096390346 1096430598
1096358646 1096353765
1096360011 1096364352
1096348642 1096356963
1096364352 1096431628
1096433791 1096363648
1096430539 1096358561
1096429594 1096423920
1096366763 1096369894
1096363937 1096424843
1096426454 1096429337
1096359466 1096363620
1096424190 1096356385
1096422779 1096445513
1096347268 1096367088
1096431021 1096451999
1096445250 1096371184
1096445250 1096360020
1096425189 1096358391
1096356964 1096359574
1096363853 1096424333
1096433875 1096366868
1096357630 1096356929
1096364542 1096356182
1096366284 