2 2
2 4
4 4
4 4
4 4
4 4
4 4
4 4
4 4
4 4
7 7
7 8
8 8
8 8
8 8
8 8
8 8
8 8
8 8
10 10
10 10
10 10
12 12
12 12
12 12
12 12
12 12
12 12
12 12
12 12
12 14
14 14
14 14
14 14
14 14
17 19
19 21
21 21
21 21
21 21
21 21
24 24
24 27
27 27
27 27
33 33
33 33
33 35
35 35
35 35
35 35
38 38
38 39
39 39
40 40
40 40
40 40
42 42
42 42
42 49
49 51
51 51
51 51
51 51
51 57
57 57
57 57
57 58
58 58
60 61
61 71
72 72
76 76
76 78
78 83
83 83
83 86
86 57
57 63
12 12
19 32
32 36
39 42
42 42
45 68
68 68
76 87
87 21
83 95
14 21
34 52
55 66
78 80
83 85
85 86
88 97
97 31
31 31
52 80
86 19
32 32
39 42
42 42
42 42
45 68
68 68
76 76
87 87
18 52
52 52
86 86
86 86
88 25
32 45
43 52
55 55
55 78
78 78
78 49
53 91
62 62
65 72
74 80
85 86
86 97
42 56
68 68
76 76
87 42
87 89
53 86
91 45
68 68
76 87
87 42
68 68
76 87
61 93
64 78
78 78
78 78
78 95
88 91
91 91
91 91
65 72
74 78
62 74
94 87
87 83
86 97
80 97
86 86
91 91
88 93
1096001134 1096016920
1096009334 1096007515
1096013871 1096002685
1096003646 1096007515
1096003333 1096001936
1096003646 1096007515
1096013871 1096003646
1096001268 1096003646
1096007515 1096003646
1096003646 1096007515
1096017677 1096017019
1096014467 1096012962
1096001413 1096019133
1096015361 1096001072
1096005529 1096000759
1096015361 1096005529
1096011862 1096019133
1096015361 1096013666
1096005529 1096015361
1096001971 1096007998
1096021090 1096010897
1096016954 1096016640
1096002637 1096003594
1096008051 1096001943
1096001259 1096003594
1096007424 1096009948
1096013979 1096003594
1096001259 1096003594
1096007424 1096003594
1096007424 1096003594
1096007424 1096016464
1096002216 1096007892
1096013915 1096001896
1096003804 1096007579
1096013284 1096007892
1096013407 1096002403
1096002403 1096017670
1096002913 1096002913
1096011161 1096020844
1096002913 1096011161
1096019241 1096020844
1096013111 1096011812
1096012788 1096016157
1096034329 1096005107
1096008574 1096005107
1096015225 1096019134
1096015225 1096018479
1096015225 1096006980
1096001367 1096003408
1096006980 1096001681
1096006333 1096003795
1096001957 1096001606
1096030901 1096011464
1096003415 1096008582
1096003521 1096003521
1096007332 1096007987
1096003521 1096007332
1096003486 1096001150
1096003486 1096003486
1096003486 1096001982
1096011542 1096016119
1096006897 1096021226
1096022814 1096029102
1096042272 1096044470
1096008239 1096013472
1096006925 1096015788
1096023888 1096028363
1096036027 1096005310
1096027005 1096005310
1096016415 1096005400
1096005400 1096011891
1096003658 1096007534
1096012713 1096017916
1096021705 1096012420
1096012420 1096002505
1096007336 1096007336
1096013449 1096013572
1096008408 