1 4
4 4
4 4
4 4
27 27
27 35
35 35
35 35
35 35
36 38
38 38
38 38
38 44
74 74
74 84
30 32
32 36
39 68
89 89
62 62
62 37
39 39
68 68
68 87
36 68
87 87
89 89
89 67
90 90
90 87
1096095639 1096124937
1096129790 1096129156
1096127498 1096129471
1096124623 1096128141
1096089482 1096169568
1096185571 1096132375
1096130101 1096133338
1096129148 1096131389
1096136801 1096133656
1096132469 1096136396
1096130832 1096134767
1096126316 1096129182
1096131810 1096101397
1096125934 1096129107
1096132261 1096132018
