2 3
3 3
3 6
6 6
6 6
6 6
6 6
6 6
6 6
6 6
6 6
6 6
6 6
6 6
6 6
6 6
6 6
7 7
7 7
7 7
7 7
7 7
7 7
7 7
8 8
8 8
8 8
10 10
10 10
10 10
10 10
10 11
11 11
11 11
14 14
14 14
14 14
14 14
14 14
14 14
14 14
14 14
14 14
14 14
15 15
15 15
15 16
16 16
16 16
17 17
17 21
21 21
21 21
21 21
21 21
21 21
24 24
27 27
27 27
27 27
27 27
33 33
33 35
35 39
39 39
39 39
39 39
39 39
39 39
39 43
43 43
43 43
43 51
51 51
51 51
57 57
57 57
57 57
57 57
58 58
58 59
59 59
59 61
61 71
71 76
76 76
76 76
76 78
78 78
78 78
83 83
83 83
83 86
86 86
86 86
86 43
25 62
72 74
14 14
14 14
18 18
18 22
30 30
30 43
52 52
61 63
83 83
86 86
86 88
88 91
91 91
93 93
95 10
10 21
21 21
22 55
55 55
61 61
78 83
83 46
66 78
83 86
97 31
31 43
43 61
61 80
97 97
16 18
18 46
61 18
18 46
52 52
61 63
86 86
86 86
86 88
88 88
90 91
91 93
93 61
80 80
83 97
30 30
61 93
93 61
88 93
43 43
43 46
55 55
55 78
78 78
78 65
74 62
62 62
62 62
65 74
74 46
80 86
46 47
49 61
61 61
61 63
63 86
88 91
91 91
63 80
86 94
97 97
78 78
78 78
78 63
69 88
88 91
91 93
93 65
74 74
61 86
88 93
62 74
90 90
83 86
97 97
97 97
80 91
93 95
97 86
86 86
91 93
88 88
93 93
93 93
1095845719 1095914032
1095829633 1095914354
1095829633 1095830170
1095833824 1095841618
1095848437 1095830170
1095833824 1095841618
1095830397 1095833591
1095841157 1095845580
1095847659 1095843974
1095848170 1095846391
1095843860 1095833591
1095845818 1095828409
1095841618 1095848437
1095844445 1095848437
1095833705 1095841505
1095848057 1095833591
1095845580 1095845818
1095833905 1095839036
1095843476 1095909048
1095912734 1095835868
1095843476 1095909048
1095912734 1095833905
1095839036 1095912734
1095832007 1095843795
1095914254 1095906138
1095838266 1095905198
1095906138 1095906138
1095862561 1095919468
1095833197 1095835725
1095833197 1095835725
1095840540 1095831933
1095837645 1095912020
1095907735 1095911707
1095909985 1095907346
1095844363 1095918842
1095849044 1095843714
1095849044 1095915054
1095839501 1095828224
1095840449 1095846746
1095848412 1095915367
1095842750 1095846069
1095849044 1095919489
1095836233 1095839822
1095832993 1095845379
1095828869 1095832417
1095903980 1095830824
1095830824 1095913371
1095917116 1095912728
1095913697 1095915424
1095844206 1095844520
1095844206 1095843888
1095908883 1095913023
1095838756 1095832735
1095850276 1095913982
1095836199 1095846767
1095850276 1095916838
1095836106 1095836106
1095828012 1095836235
1095854180 1095883987
1095912130 1095836862
1095836548 1095911812
1095834967 1095834298
1095834298 1095833605
1095908910 1095844156
1095828373 1095840978
1095850732 1095914739
1095837456 1095843843
1095844936 1095844156
1095833185 1095841605
1095851081 1095841500
1095847598 1095838151
1095833549 1095845254
1095847924 1095829487
1095832434 1095850753
1095868611 1095913734
1095843794 1095847823
1095845137 1095854554
1095841245 1095865274
1095850697 1095914724
1095835732 1095835732
1095911874 1095843639
1095840086 1095843639
1095843315 1095836130
1095836443 1095858404
1095860608 1095830832
1095834326 1095831459
1095834326 1095851381
1095915187 1095832256
1095833657 1095833657
1095845881 1095832256
1095842652 1095852453
1095854499 1095856775
1095846237 1095846408
1095854990 1095830621
1095832880 1095841594
1095850860 