6 7
7 7
7 7
7 7
7 7
7 8
8 14
14 14
14 14
14 14
15 15
15 15
18 18
18 18
18 18
18 29
29 29
29 29
29 29
29 29
29 29
29 29
29 29
29 29
29 29
29 29
29 29
29 29
39 39
39 39
39 71
78 81
81 81
86 86
86 86
86 86
86 88
15 15
15 21
21 22
83 83
86 86
14 86
18 18
22 86
86 86
88 22
43 43
86 30
86 86
88 88
88 91
43 73
75 75
82 86
86 88
88 88
88 88
88 88
88 88
91 91
91 93
93 93
93 95
95 75
88 91
91 91
86 86
83 88
88 88
88 93
93 93
93 93
1094173254 1094100881
1094104090 1094180981
1094105816 1094185097
1094184440 1094115713
1094118605 1094109031
1094183802 1094123096
1094123424 1094110103
1094120578 1094124428
1094110103 1094116240
1094123784 1094120578
1094180755 1094100839
1094180755 1094180755
1094172727 1094103197
1094108337 1094103197
1094113776 1094174346
1094114402 1094105403
1094179091 1094106839
1094114084 1094106374
1094104075 1094185168
1094105839 1094108556
1094110560 1094115266
1094121169 1094178958
1094180648 1094183106
1094185485 1094116029
1094121542 1094205671
1094103218 1094119086
1094121853 1094191040
1094109429 1094179223
1094106694 1094185476
1094103187 1094115884
1094190894 1094182665
1094108103 1094109070
1094116052 1094185452
1094110328 1094115931
1094102456 1094107320
1094115616 1094121695
1094191015 