5 5
7 7
7 7
15 15
18 18
18 18
18 18
18 18
18 18
18 18
18 18
18 29
29 29
29 29
29 29
39 39
71 71
71 86
86 15
90 75
75 83
83 90
90 30
30 86
86 86
88 91
91 91
91 91
91 91
91 93
75 75
91 91
91 93
93 91
91 90
90 91
93 93
1094217490 1094217809
1094189048 1094257660
1094198526 1094203337
1094214583 1094217730
1094188046 1094204675
1094187420 1094202051
1094206292 1094231177
1094192829 1094196940
1094202704 1094205008
1094207275 1094210466
1094221309 1094227043
1094187420 1094190405
1094230868 1094205671
1094232583 1094234823
1094191040 1094204812
1094190894 1094204560
1094191139 1094200602
1094230545 1094191015
1094204801 