7 7
7 7
7 7
8 8
8 8
8 15
15 15
15 15
15 15
15 16
16 16
16 16
16 16
16 16
16 16
16 16
16 16
16 16
16 16
27 27
27 27
27 27
29 29
29 29
29 29
29 29
29 29
29 29
29 29
29 29
29 29
29 29
29 29
29 29
29 29
29 33
33 33
33 33
43 43
43 51
51 51
57 57
57 57
57 57
57 58
58 63
63 71
76 76
76 76
76 76
76 78
78 80
80 80
80 81
81 81
81 81
81 81
81 81
81 86
86 21
55 78
78 83
83 46
83 85
86 97
61 85
85 86
90 97
97 97
18 18
30 30
30 30
61 61
61 80
82 82
82 82
83 88
91 91
91 62
62 62
62 62
74 34
34 52
53 55
61 61
64 65
78 80
80 80
80 82
82 82
82 82
83 83
86 88
91 91
91 91
80 80
82 86
91 43
82 86
78 78
78 80
80 82
82 82
85 86
72 74
88 88
95 82
82 82
88 91
91 91
86 97
86 86
97 97
82 83
85 85
88 88
97 97
97 97
88 88
1095318840 1095329585
1095321704 1095329585
1095317230 1095395242
1095322329 1095316081
1095312543 1095315768
1095315768 1095320763
1095320763 1095332812
1095393730 1095387612
1095310675 1095324602
1095394675 1095335081
1095397003 1095311636
1095315606 1095330591
1095393416 1095313602
1095328659 1095395024
1095409336 1095312650
1095318521 1095328337
1095409336 1095318207
1095321224 1095321224
1095330591 1095336676
1095311483 1095313981
1095336913 1095348201
1095390982 1095390352
1095315822 1095323776
1095393634 1095327830
1095310653 1095322403
1095328743 1095315455
1095315543 1095310394
1095315822 1095330897
1095342091 1095393759
1095311815 1095315822
1095328520 1095339635
1095393759 1095371053
1095377545 1095323865
1095322448 1095311815
1095315822 1095331118
1095342025 1095316824
1095322241 1095321911
1095326635 1095320961
1095317368 1095311357
1095320686 1095316998
1095335316 1095349759
1095328556 1095399119
1095322192 1095326567
1095399119 1095320163
1095327234 1095313531
1095390352 1095388166
1095392345 1095319010
1095326658 1095339408
1095415671 1095348510
1095321171 1095330808
1095350389 1095315691
1095315691 1095312248
1095325564 1095309705
1095312248 1095327029
1095316012 1095312558
1095325713 1095322502
1095395264 1095316012
1095321523 1095392338
1095393937 1095321266
1095348481 