4 4
4 4
4 4
4 4
4 4
4 4
4 7
7 7
7 7
7 7
7 8
8 8
10 10
10 10
10 10
10 10
12 12
12 12
12 12
12 12
12 12
12 12
12 12
12 12
12 14
14 14
14 14
14 14
14 15
15 15
15 16
16 16
16 16
16 16
16 16
16 16
16 16
16 16
16 17
17 17
17 17
19 19
21 21
21 21
21 21
21 21
21 21
23 23
23 23
23 23
23 23
23 23
23 23
23 23
24 24
24 27
27 27
27 27
27 33
33 33
33 35
35 35
35 35
35 35
35 35
35 35
35 35
35 36
36 36
38 38
39 39
39 39
39 39
39 39
49 49
51 51
51 57
57 57
57 58
59 59
61 66
71 71
71 71
71 72
72 72
72 72
73 73
73 74
74 74
74 76
76 76
76 78
78 78
78 78
78 80
80 83
84 84
84 85
86 89
89 12
32 36
36 36
36 68
68 76
76 77
87 89
10 21
21 31
55 61
78 85
55 83
85 21
31 31
31 43
46 47
61 24
24 32
32 36
36 37
68 76
76 76
87 87
87 87
89 89
16 16
46 52
52 52
86 86
80 83
90 97
34 46
49 52
52 53
53 61
78 80
83 86
91 91
93 97
53 61
78 83
93 21
36 31
43 43
55 55
55 61
78 78
86 32
32 32
36 36
37 68
76 77
86 86
87 87
89 28
62 65
62 62
62 62
62 62
46 85
86 97
68 68
76 76
76 77
77 77
77 77
87 89
89 89
39 68
87 76
87 49
53 53
61 83
91 91
91 93
93 78
78 78
83 91
91 93
65 78
88 62
87 78
78 85
90 95
87 87
87 89
89 76
87 89
75 80
83 97
78 83
97 97
78 80
85 93
97 97
95 95
86 87
87 87
95 93
90 90
1096448298 1096448298
1096439109 1096447045
1096453064 1096459969
1096447045 1096452437
1096446414 1096460282
1096437197 1096443861
1096447985 1096445447
1096445133 1096518956
1096444818 1096518956
1096444818 1096444488
1096518956 1096469516
1096457733 1096474285
1096445117 1096444804
1096451742 1096519000
1096445430 1096444163
1096516492 1096444804
1096433635 1096516442
1096448837 1096516442
1096447260 1096516104
1096444401 1096446947
1096446634 1096510354
1096516104 1096433635
1096444401 1096508747
1096516104 1096448210
1096516442 1096441628
1096446489 1096454213
1096442954 1096449696
1096454213 1096437470
1096454213 1096439433
1096439433 1096463901
1096439433 1096452675
1096453615 1096444527
1096442160 1096447846
1096440786 1096447846
1096447846 1096449140
1096451403 1096452988
1096447528 1096440445
1096447846 1096443516
1096454561 1096444492
1096447391 1096515473
1096447707 1096447391
1096494973 1096471699
1096445147 1096445485
1096516893 1096434556
1096455495 1096539981
1096445147 1096454776
1096515572 1096438997
1096464538 1096509782
1096523450 1096462326
1096516226 1096504420
1096511092 1096516226
1096513659 1096471120
1096503771 1096508814
1096520631 1096515264
1096440877 1096439611
1096440877 1096445589
1096470071 1096500203
1096512896 1096517298
1096535532 1096454260
1096511048 1096454260
1096452502 1096446825
1096452812 1096446825
1096459376 1096518296
1096433180 1096439498
1096509353 1096512619
1096515134 1096516395
1096447138 1096509353
1096515463 1096440596
1096435878 1096444063
1096437976 1096437976
1096447318 1096445001
1096450039 1096447717
1096447318 1096434497
1096443721 1096450039
1096445145 1096449439
1096454439 1096475260
1096515173 1096447261
1096454688 1096458559
1096447626 1096439585
1096435770 1096433791
1096439716 1096444356
1096442401 1096444630
1096519425 1096524774
1096524774 1096439739
1096508785 1096516209
1096446763 1096449930
1096515221 1096515221
1096515221 1096444540
1096449492 1096474294
1096449492 1096449351
1096445513 1096451999
1096464263 1096474190
1096445250 1096474190
1096447299 1096445250
1096452946 1096512506
1096515675 1096517865
1096433875 1096515414
1096517332 1096526462
1096445324 1096515803
1096525920 