6 6
6 6
6 6
6 6
7 7
8 8
8 8
8 15
15 15
18 18
18 29
29 29
29 29
29 29
29 29
29 29
29 29
39 39
39 39
39 39
39 39
39 71
80 86
86 86
86 30
30 30
75 85
85 91
91 83
86 15
43 43
86 86
43 86
86 30
30 88
63 63
75 75
75 82
83 88
91 91
93 93
93 75
82 85
85 85
91 91
91 91
82 93
88 88
93 93
1094016919 1094023918
1094026296 1094029387
1094023231 1094025632
1094024260 1094029387
1094029592 1094098558
1094097874 1094091653
1094097874 1094093359
1094096307 1094097915
1094095988 1094097915
1094092884 1094096804
1094099496 1094028896
1094046910 1094013927
1094031183 1094038553
1094036940 1094081036
1094099280 1094055431
1094099186 1094031275
1094091856 1094099186
1094030858 1094030858
1094021921 1094027332
1094032841 1094017995
1094021921 1094031202
1094103187 1094031093
1094027221 1094027543
1094030756 1094031076
1094102456 