1 6
6 6
6 6
6 6
6 6
6 7
7 7
10 10
12 12
12 12
12 12
12 14
14 15
15 15
16 21
21 21
23 23
23 23
23 24
24 24
27 27
27 27
27 27
27 27
27 35
35 35
35 38
44 44
44 44
44 44
44 44
51 51
51 57
61 61
63 63
63 63
63 66
66 66
66 68
68 68
70 71
71 72
72 76
76 76
78 30
14 14
16 16
16 16
16 18
49 88
67 67
67 31
67 24
32 32
68 76
87 89
16 18
80 90
97 18
55 55
78 32
68 76
86 87
28 65
74 62
62 62
62 62
62 65
72 74
68 76
77 89
87 67
67 67
75 83
88 88
88 78
78 78
91 72
74 78
88 88
88 88
68 76
87 89
74 86
86 72
83 90
87 87
97 97
97 90
1096260756 1096257073
1096260506 1096184400
1096190146 1096193085
1096257073 1096260506
1096260506 1096258976
1096196194 1096183840
1096187655 1096193715
1096258913 1096255746
1096256827 1096250444
1096256827 1096256827
1096256827 1096256827
1096257462 1096260926
1096278066 1096258870
1096259828 1096258870
1096260522 1096256698
1096259260 1096259891
1096256768 1096256449
1096256768 1096250726
1096256768 1096255743
1096256392 1096256705
1096185571 1096216824
1096219839 1096221977
1096223513 1096266843
1096257241 1096257241
1096257241 1096260913
1096260913 1096201531
1096261244 1096190575
1096211836 1096218500
1096230920 1096257801
1096257801 1096224556
1096230920 1096234094
1096180970 1096204825
1096260730 1096206784
1096256999 1096267695
1096182983 1096202774
1096228129 1096231227
1096234689 1096260972
1096260658 1096256475
1096260972 1096257124
1096184936 1096186456
1096257096 1096259910
1096259597 1096255405
1096256720 1096253667
1096256498 1096289070
1096259252 