3 3
8 8
14 14
14 15
16 16
16 16
16 16
16 16
16 16
16 16
27 27
29 29
29 29
29 29
29 29
29 29
29 29
43 57
57 57
57 71
71 71
71 81
81 89
72 74
16 61
86 90
90 97
22 30
30 30
30 30
30 61
61 86
88 91
62 62
61 61
83 83
83 83
83 88
91 91
93 93
88 88
91 91
91 83
90 90
95 90
90 90
1094967266 1095049134
1094992349 1094992349
1095051626 1095045786
1095048327 1095049050
1094991462 1094974179
1094979461 1094985454
1094987658 1095002955
1095050486 1094974179
1094996917 1095051180
1094973525 1094996917
1095001840 1095042602
1094979765 1094997870
1094978028 1094984181
1095001024 1095009108
1095036225 1094974456
1094979721 1094997870
1095043511 1095050384
1094970993 1094974118
1094984586 1094989059
1094999374 1095044628
1095044628 1095048755
1095053368 1095048769
1095051226 1095048655
