8 8
8 8
8 8
10 14
14 14
14 16
16 16
16 16
16 16
16 16
16 16
16 16
16 16
16 16
16 16
16 16
16 21
27 27
27 27
27 29
29 29
29 29
29 29
29 29
29 29
29 29
29 29
29 29
29 29
29 29
29 29
29 29
29 33
33 33
43 57
57 57
57 57
57 57
58 62
62 62
68 71
71 71
76 76
76 76
76 76
76 76
76 78
78 78
81 81
86 89
89 89
35 46
66 83
86 97
41 16
52 88
90 18
18 18
21 30
30 30
30 52
52 52
61 61
61 80
80 82
82 88
88 91
91 46
62 62
62 62
74 34
34 52
52 52
52 53
61 61
80 80
80 82
82 82
83 83
83 88
88 88
90 91
91 91
91 46
46 91
97 80
80 82
82 88
88 91
74 83
86 97
88 90
90 95
82 88
88 91
91 91
91 91
91 86
95 97
83 97
88 90
90 90
1095400895 1095424725
1095400895 1095400895
1095400582 1095400895
1095405370 1095412084
1095415042 1095411766
1095412725 1095397003
1095401244 1095415564
1095413566 1095400931
1095409336 1095413891
1095415564 1095403157
1095408056 1095415564
1095398987 1095409336
1095412219 1095409336
1095415564 1095409336
1095415564 1095407701
1095411244 1095408996
1095415564 1095421600
1095397899 1095403562
1095411750 1095483353
1095397899 1095399383
1095412933 1095399929
1095414194 1095415857
1095427431 1095402785
1095398792 1095412548
1095414194 1095415812
1095418274 1095414194
1095416695 1095421990
1095437343 1095441117
1095473585 1095405941
1095408006 1095411544
1095397985 1095404801
1095409356 1095414194
1095432513 1095400040
1095413612 1095404854
1095410526 1095399119
1095412300 1095399119
1095411968 1095407842
1095410954 1095409201
1095400782 1095400920
1095400920 1095400920
1095419241 1095412642
1095414882 1095414882
1095415671 1095405937
1095411462 1095404648
1095406253 1095409184
1095415671 1095418246
1095433090 1095404891
1095405915 1095405206
1095405092 1095405092
1095407094 1095412413
1095414539 1095418665
