5 8
8 8
8 8
8 8
8 8
8 10
10 10
14 14
14 14
14 14
14 14
14 14
14 14
14 14
15 15
15 16
16 16
16 16
16 16
16 16
16 16
16 16
16 16
16 16
16 16
16 16
16 16
16 16
16 16
16 16
17 17
21 21
21 21
21 21
21 21
21 21
21 21
21 21
21 21
21 21
27 27
27 27
27 27
27 27
27 27
33 33
33 39
39 39
39 39
39 39
39 39
39 39
39 39
39 39
39 39
39 43
43 43
43 44
44 44
44 44
44 49
49 51
51 51
51 51
57 57
57 57
58 58
58 61
62 62
68 70
70 70
71 71
74 74
76 78
78 80
80 86
86 86
86 86
86 95
47 14
16 18
21 21
30 80
85 85
91 67
75 97
18 18
21 22
22 52
80 80
80 82
86 86
88 88
83 85
85 18
18 18
18 18
18 21
30 30
30 30
41 43
49 52
52 52
53 53
61 82
85 88
88 91
91 93
93 93
30 91
30 30
46 46
46 52
52 52
52 52
52 61
86 86
88 88
91 93
30 62
62 62
62 62
62 72
74 74
75 86
95 43
52 52
53 53
53 53
61 61
66 74
75 82
85 88
88 91
95 65
75 91
93 57
67 78
78 88
95 61
93 64
65 78
78 94
88 91
93 93
72 74
74 74
91 93
74 72
72 93
95 95
88 95
83 80
85 83
83 88
88 93
93 94
95 95
1095693801 1095690308
1095664527 1095664527
1095663067 1095664527
1095664527 1095688625
1095665792 1095668153
1095664527 1095689423
1095657897 1095733894
1095673823 1095747186
1095673823 1095684261
1095690367 1095673510
1095682694 1095687478
1095690050 1095740526
1095673823 1095743116
1095673195 1095740191
1095660028 1095658133
1095662614 1095664669
1095674258 1095686708
1095688956 1095736177
1095740207 1095661763
1095674258 1095689583
1095739864 1095748174
1095658761 1095668610
1095666927 1095674576
1095687030 1095689583
1095659449 1095662420
1095664669 1095748174
1095674258 1095661763
1095674576 1095655095
1095674576 1095662084
1095674576 1095741897
1095667204 1095667204
1095658521 1095675242
1095670804 1095676185
1095679215 1095658521
1095662552 1095664873
1095671122 1095675242
1095678209 1095662552
1095675242 1095676875
1095671122 1095675242
1095658521 1095661879
1095680667 1095663451
1095671925 1095676004
1095680023 1095708910
1095739036 1095663451
1095663451 1095739350
1095660231 1095656088
1095656088 1095668648
1095668331 1095677143
1095656674 1095659666
1095668331 1095678759
1095658654 1095661391
1095672574 1095670273
1095675548 1095742482
1095674207 1095661391
1095673540 1095679072
1095675548 1095670502
1095674314 1095676344
1095676344 1095655810
1095665239 1095656754
1095665239 1095665239
1095665239 1095657267
1095679160 1095669607
1095668023 1095655989
1095668668 1095672772
1095661533 1095658525
1095658525 1095661533
1095663382 1095663382
1095736076 1095662668
1095668854 1095668854
1095663412 1095659752
1095663411 1095670309
1095670959 1095678303
1095666235 1095666553
1095659933 1095659745
1095657840 1095658169
1095670680 1095661838
1095674561 1095662158
1095679382 1095662471
1095675559 1095675575
