6 7
7 7
8 8
8 8
8 14
14 14
14 14
14 14
14 14
14 14
14 14
15 15
15 15
15 16
29 29
29 29
29 29
29 29
29 29
29 29
29 29
29 29
29 29
29 29
29 29
29 29
29 29
29 29
29 29
29 29
29 29
29 39
39 39
39 39
39 39
39 39
39 39
39 39
39 57
57 57
57 57
57 57
57 57
57 57
57 57
57 57
57 57
59 59
59 59
59 71
71 71
71 71
71 71
71 81
81 81
81 81
81 86
86 86
86 86
86 89
89 89
89 89
30 15
83 83
14 46
75 75
95 18
18 43
61 75
86 86
86 88
88 90
90 91
21 43
83 83
85 30
61 61
61 61
61 62
63 63
75 75
82 82
82 82
83 83
83 86
86 88
88 88
88 91
91 91
91 93
93 93
93 93
93 95
95 61
61 61
61 61
63 63
75 82
83 88
88 91
91 63
82 86
88 88
88 88
91 91
91 91
93 93
93 93
93 93
61 82
83 88
91 86
90 90
93 95
95 95
95 82
88 88
88 90
93 88
93 93
93 93
95 90
90 90
90 91
1094606943 1094536166
1094536166 1094550046
1094539454 1094553391
1094536745 1094540101
1094542382 1094545314
1094550167 1094552679
1094547796 1094538535
1094545314 1094553936
1094618310 1094546428
1094548760 1094537256
1094545314 1094542827
1094536131 1094536131
1094543524 1094546305
1094555110 1094610952
1094536916 1094540244
1094541991 1094543971
1094555992 1094618356
1094536916 1094540244
1094541870 1094617553
1094532773 1094535782
1094538160 1094543593
1094540244 1094599917
1094603264 1094541296
1094545263 1094536916
1094540244 1094541991
1094542960 1094536965
1094538340 1094541991
1094553243 1094532728
1094540754 1094541991
1094552941 1094611989
1094626539 1094541870
1094548072 1094539459
1094540480 1094543541
1094545835 1094552757
1094539459 1094540480
1094616880 1094533556
1094540480 1094539459
1094543227 1094538193
1094552757 1094540566
1094535907 1094548606
1094536242 1094541051
1094546401 1094548606
1094538317 1094543676
1094550966 1094553029
1094536242 1094541051
1094543676 1094546064
1094550966 1094552681
1094540854 1094534767
1094540509 1094543678
1094537992 1094538258
1094550065 1094618286
1094615420 1094547212
1094550379 1094555418
1094618286 1094539731
1094541809 1094546346
1094548584 1094547955
1094541496 1094538102
1094538102 1094541622
1094546161 1094552827
1094547945 1094534033
1094547012 1094550042
1094620507 1094548086
