2 2
3 3
5 5
5 8
8 8
8 8
8 8
8 8
8 8
14 14
14 14
14 14
14 14
14 14
14 14
14 14
14 15
15 15
15 15
15 15
15 16
16 16
16 16
16 16
16 16
16 16
16 16
16 16
16 16
16 16
16 16
16 16
27 27
27 27
27 27
27 27
29 29
29 29
29 29
29 29
29 29
29 29
29 29
29 29
29 29
29 29
29 29
29 29
29 29
29 29
29 29
29 29
39 39
39 39
39 39
39 39
39 57
57 57
57 57
57 57
57 57
57 57
57 57
58 63
63 63
68 71
71 71
71 71
71 71
71 80
81 81
81 81
81 81
81 81
81 85
85 86
86 86
89 94
15 15
72 74
6 75
86 15
43 61
67 75
85 85
85 86
93 95
16 75
86 86
86 86
86 86
88 88
90 90
90 90
90 22
43 67
75 93
97 97
97 22
30 30
30 30
30 61
61 61
75 86
86 86
88 88
91 91
91 91
91 91
93 93
62 62
62 62
62 62
74 74
43 61
61 61
61 61
75 75
83 83
85 85
85 86
88 88
88 88
88 91
91 91
91 91
91 93
93 93
93 93
93 95
43 61
61 67
75 75
91 91
95 75
86 88
88 91
91 91
91 91
93 93
93 95
74 75
93 95
74 85
86 88
90 90
93 95
95 90
83 83
85 85
85 88
88 90
90 86
97 93
93 93
93 97
1095051330 1095054827
1095099534 1095051969
1095129573 1095129573
1095129573 1095054516
1095058092 1095058092
1095058092 1095058092
1095061264 1095067385
1095136757 1095066130
1095058092 1095053166
1095068057 1095060674
1095051626 1095060674
1095064204 1095070261
1095071743 1095136479
1095063566 1095067737
1095051976 1095054251
1095060043 1095062286
1095132337 1095054588
1095054588 1095054588
1095053961 1095054588
1095059664 1095064191
1095137306 1095064736
1095050486 1095059320
1095062625 1095078149
1095079764 1095062309
1095077828 1095079764
1095060309 1095051180
1095060309 1095063711
1095063391 1095067350
1095052171 1095054135
1095061311 1095065111
1095067037 1095079450
1095061996 1095065425
1095058054 1095074111
1095092657 1095105575
1095130847 1095137792
1095058680 1095133040
1095060234 1095060569
1095066882 1095083681
1095090389 1095092295
1095060569 1095062576
1095060363 1095081437
1095054605 1095060363
1095068924 1095060428
1095060476 1095062804
1095080870 1095086772
1095091786 1095054823
1095057723 1095060428
1095063030 1095070632
1095092165 1095050384
1095060569 1095063030
1095070089 1095128241
1095138146 1095128972
1095058084 1095057766
1095062964 1095058084
1095055878 1095058084
1095059418 1095070000
1095053026 1095058136
1095062740 1095063053
1095091619 1095060067
1095063053 1095078634
1095082562 1095091932
1095052765 1095058136
1095063053 1095053397
1095058495 1095057932
1095057932 1095053228
1095086081 1095064610
1095060430 1095060430
1095061693 1095066200
1095055891 1095053368
1095129189 1095064644
1095061532 1095067573
1095061532 1095066256
1095129033 1095060545
1095063456 1095051226
1095134141 1095132126
1095135463 1095059387
1095065791 1095069963
1095053226 1095136506
