1 1
1 1
1 1
2 2
3 3
3 4
4 4
4 4
4 4
4 4
6 6
6 6
6 6
6 6
6 6
6 6
6 6
6 6
6 6
6 7
7 7
7 7
7 8
8 8
8 8
10 10
10 10
10 10
11 11
12 12
12 12
12 12
12 12
12 12
14 14
14 14
14 14
14 14
14 14
14 14
14 14
14 14
15 15
15 15
15 15
15 15
15 15
15 15
15 15
15 16
16 16
16 16
16 16
16 16
16 16
16 16
16 16
16 16
16 17
17 21
21 21
21 21
21 21
21 23
23 23
23 23
23 23
23 23
23 23
23 23
23 23
23 23
23 23
23 23
23 23
23 23
24 24
24 24
24 24
27 27
27 27
27 27
27 33
35 35
35 35
35 35
35 35
35 35
35 35
35 35
36 38
39 39
39 39
39 39
39 39
39 39
39 39
40 40
40 40
40 40
42 42
42 42
42 42
43 43
43 43
44 49
49 49
49 49
49 49
49 51
51 51
57 57
57 57
57 57
57 57
57 57
57 57
57 57
58 58
59 59
59 59
59 59
59 59
59 61
61 63
63 65
65 66
66 66
66 66
66 66
66 66
66 66
66 66
71 71
71 71
71 71
71 71
71 73
73 73
74 74
74 76
76 76
76 76
78 78
83 83
84 85
85 86
89 89
89 30
30 30
30 30
30 43
67 65
72 74
19 24
32 36
42 45
68 87
89 14
14 14
16 16
18 18
52 53
53 61
61 63
66 88
91 91
93 93
21 31
47 67
78 88
43 46
55 83
83 15
31 31
31 31
97 69
90 24
24 32
36 39
42 45
68 77
87 16
16 16
18 18
46 52
52 61
61 63
86 88
88 91
91 31
65 75
80 80
80 80
83 90
95 97
97 97
97 97
18 18
46 52
61 61
61 61
63 63
88 91
91 91
91 93
93 93
25 25
43 55
55 55
78 78
78 78
32 32
36 42
42 45
45 68
68 77
77 77
77 77
86 86
86 86
87 87
87 87
89 89
89 43
46 49
65 65
97 62
62 62
62 65
65 74
86 37
42 45
45 68
68 76
77 77
78 87
89 89
89 89
89 49
52 53
53 53
53 61
61 63
91 91
95 45
45 68
68 87
87 42
42 68
77 87
87 63
65 90
90 78
61 61
91 91
93 93
93 93
78 78
78 63
86 88
88 91
91 91
91 91
91 93
93 93
93 65
74 61
61 80
83 88
88 91
93 97
62 74
78 88
90 90
68 68
68 76
77 77
87 87
87 87
87 89
89 83
90 90
90 90
95 95
95 95
87 87
89 88
88 94
83 97
97 97
97 80
97 91
91 87
95 95
88 90
90 93
1096260756 1096274886
1096283090 1096296284
1096316014 1096324781
1096261365 1096265017
1096261572 1096346031
1096261572 1096345109
1096343169 1096343169
1096342843 1096343169
1096343169 1096343169
1096343486 1096343169
1096260506 1096281409
1096283300 1096260506
1096283300 1096260506
1096278115 1096280684
1096274077 1096282927
1096274646 1096283187
1096274646 1096272085
1096279025 1096277191
1096283187 1096274077
1096282927 1096273683
1096348710 1096261685
1096271744 1096272698
1096272058 1096346315
1096276483 1096260571
1096277453 1096301439
1096341452 1096261750
1096278150 1096282412
1096344618 1096336628
1096339068 1096339068
1096286810 1096334772
1096336343 1096262834
1096284615 1096335085
1096336343 1096335398
1096288706 1096336343
1096260926 1096282509
1096284796 1096278066
1096353525 1096276102
1096280926 1096358394
1096343529 1096346696
1096272599 1096347956
1096261871 1096278698
1096273555 1096277426
1096267850 1096271186
1096271499 1096264604
1096276048 1096341307
1096353066 1096276362
1096271499 1096269484
1096264948 1096276362
1096337848 1096341307
1096347335 1096260522
1096277950 1096275608
1096280433 1096269352
1096278937 1096281089
1096290380 1096272583
1096276247 1096278937
1096273319 1096278937
1096280756 1096289437
1096265171 1096273319
1096279293 1096275560
1096278107 1096273719
1096267023 1096270227
1096353445 1096259891
1096273070 1096281667
1096347338 1096336023
1096343095 1096343095
1096335083 1096343095
1096335396 1096343408
1096336023 1096342774
1096276364 1096279908
1096339261 1096342461
1096345309 1096269413
1096271311 1096282125
1096296890 1096276364
1096332832 1096334750
1096343408 1096285679
1096289169 1096339908
1096275012 1096275012
1096296350 1096269357
1096274614 1096309089
1096266843 1096283185
1096299519 1096347494
1096264292 1096266843
1096266843 1096342775
1096266361 1096342865
1096270154 1096342865
1096260913 1096342865
1096260913 1096342865
1096347333 1096275272
1096342865 1096261244
1096342865 1096347333
1096262635 1096284587
1096344576 1096345237
1096265238 1096268965
1096270903 1096282840
1096282840 1096344889
1096273147 1096271554
1096282840 1096341540
1096334978 1096343238
1096334978 1096343238
1096334978 1096343238
1096334381 1096342952
1096343269 1096342952
1096332478 1096343269
1096275976 1096274849
1096279791 1096283742
1096261593 1096272827
1096285617 1096276749
1096279895 1096265140
1096268641 1096276081
1096282791 1096260730
1096302333 1096353917
1096276019 1096342754
1096274419 1096296033
1096271608 1096278268
1096284067 1096288925
1096294095 1096300885
1096271921 1096276019
1096282791 1096345061
1096268164 1096267850
1096273507 1096276178
1096269993 1096269993
1096273851 1096276178
1096276178 1096273507
1096269993 1096267695
1096267695 1096271808
1096271808 1096263236
1096339906 1096260972
1096337537 1096343026
1096260658 1096276862
1096342713 1096272680
1096276862 1096335897
1096337537 1096343026
1096260972 1096342713
1096259910 1096268112
1096271699 1096275807
1096284690 1096268112
1096269493 1096281163
1096289709 1096277095
1096339045 1096343995
1096266109 1096271457
1096275365 1096277422
1096289070 1096295075
1096298847 1096347268
1096277154 1096277154
1096273560 1096276499
1096343202 1096269287
1096345930 1096295816
1096269189 1096345311
1096341493 